676 683 213 686 1056 682 688 369 139 687 677 678 958 1363 1350 585 538 381 740 1010 1007 468 534 1361 465 1497 466 983 1214 470 225 1219 211 34 378 210 471 632 1384 859 469 147 1433 605 1275 1498 1304 165 1854 954 46 1127 1575 793 312 1218 1879 1554 615 245 1938 1496 1499 1501 1764 1828 1500 1293 1422 1240 411 593 599 87 778 1830 589 1123 117 302 1737 1897 594 888 1907 490 1356 591 596 897 145 431 170 561 595 519 1700 598 592 416 1882 590 1398 64 1596 1560 1342 1868 1403 301 607 1423 84 1393 23 199 1427 1395 1428 852 1426 1406 858 1404 1408 1424 1399 78 1425 1632 202 1419 643 1653 97 240 74 91 99 104 11 1209 690 1696 1475 191 353 631 617 80 58 1089 1377 532 96 1853 83 1 612 1150 446 1655 992 92 1680 85 756 79 1843 633 69 109 1876 1872 1901 89 260 72 666 107 1583 422 1749 1730 115 118 103 106 121 1792 93 36 90 29 75 1530 98 123 606 113 567 626 94 246 105 1372 82 110 1213 86 1779 833 102 77 111 971 88 1391 122 1521 100 73 1223 119 247 70 71 794 541 241 1289 1020 799 584 76 723 1022 603 237 1296 963 846 801 574 662 800 1336 792 528 542 1201 1631 1459 254 867 1600 1134 798 806 1168 608 1676 1509 1660 529 28 962 1239 1242 837 43 634 620 618 638 791 404 493 365 1328 627 628 1326 1016 345 6 613 1603 766 642 1330 1917 1310 155 432 346 10 428 572 537 14 81 1128 160 167 1402 3 161 21 540 539 1722 478 9 12 2 1670 724 15 387 24 17 0 1692 138 22 1720 16 1671 1672 355 1149 1483 562 1315 258 1307 1430 974 1313 1066 421 434 1174 653 307 1420 1689 1825 1413 1309 1688 708 1926 1439 717 903 1686 1920 1932 1638 919 1414 1306 1518 639 1578 940 1415 1197 1412 624 1773 1607 1434 1432 1793 845 1347 1694 327 640 1758 1073 891 1581 1587 773 41 1130 32 8 635 636 1687 31 363 530 706 588 1534 551 1615 780 120 777 1732 866 864 419 1028 893 868 1234 1715 1387 1611 1060 602 1175 379 966 417 546 948 586 1525 817 834 764 1058 1940 1812 1161 426 1550 810 1298 705 1244 1470 495 1635 362 728 1176 1316 1369 516 835 163 865 580 1145 370 1421 714 221 1894 1057 1909 853 498 1818 753 415 507 842 1679 1774 1090 1886 885 134 644 1640 190 1055 735 1668 1023 1456 1041 401 694 265 267 720 951 1048 271 782 1491 20 1462 157 1936 988 1659 1928 1206 1075 1545 738 1643 449 936 1054 1487 4 1885 1122 30 955 277 956 42 994 427 364 737 361 641 25 1624 918 1840 18 1478 744 913 185 563 1477 1479 1742 206 1050 912 901 390 982 1514 996 781 186 176 960 1495 477 1126 979 1736 19 189 1562 172 1561 1559 1355 453 456 403 455 1658 1586 357 166 375 454 342 1657 151 343 746 162 909 1353 879 204 1362 1833 1508 195 1360 1359 1366 217 472 200 340 116 695 349 384 570 938 1555 1646 380 1515 347 910 1778 514 1225 108 350 544 1869 196 62 743 1666 193 201 1040 171 1245 989 1154 703 991 197 397 224 1863 207 1034 174 1698 188 1656 156 203 1178 295 1405 198 1567 192 222 175 1574 1148 208 707 1153 990 205 1444 164 226 1896 1354 790 1916 1728 1367 1311 1100 1179 218 573 920 922 921 1379 896 414 872 413 239 836 987 566 251 924 1704 223 1662 1755 1334 285 238 545 1324 818 820 324 821 783 807 1392 1930 805 1067 1390 219 65 216 1734 1609 548 725 581 326 1572 1156 1537 900 786 235 360 1385 372 351 112 367 344 101 395 389 376 299 1386 393 1097 1101 1806 874 1911 409 1796 768 1751 1158 1013 67 1451 1118 914 1061 508 762 310 306 318 319 1351 601 1189 600 1528 1006 1120 1124 812 1871 1099 1143 995 670 732 894 1138 284 35 767 696 1711 1685 1526 552 549 697 522 233 1257 558 700 557 481 1480 348 698 168 187 699 1506 1905 755 757 761 158 939 1341 1125 359 388 464 1319 1297 1065 278 358 521 524 377 650 1683 1046 1410 1151 1165 1365 1614 1747 949 1485 1740 1207 652 257 501 709 291 673 328 268 335 775 329 332 331 1292 308 1766 330 334 1211 1620 320 228 550 1380 1314 1849 500 418 832 712 997 1312 1308 68 1305 503 1921 1594 1083 399 726 234 1141 244 887 1277 229 230 1454 711 565 1875 1441 1383 931 1856 242 1370 1900 286 930 760 1845 356 1834 1205 935 1261 1719 752 1933 1117 629 1831 1535 1716 445 54 902 1748 1750 509 1721 1190 483 141 214 1045 169 177 1824 173 512 661 1217 1144 1811 429 1651 57 1249 1436 253 733 1364 1605 133 1637 702 543 1608 1187 352 1904 1135 338 1708 1339 1743 52 511 880 1739 412 1276 1280 61 729 1027 1068 1329 1799 66 314 1699 425 1473 1210 560 1284 1702 1236 802 1613 1074 1163 1873 1770 1633 270 51 1546 1078 396 877 1918 1133 451 1137 1186 564 739 1790 1453 1808 959 1822 1823 1801 941 1247 907 999 1000 965 569 736 710 981 860 779 436 1647 1782 704 1357 998 1929 438 439 758 1232 1675 1200 1847 1846 1870 1841 1839 1511 527 135 1081 1079 476 496 354 1086 1087 1723 1724 1431 656 625 150 1880 1735 663 945 408 400 1725 734 943 1052 730 748 1626 1625 947 1291 1924 1923 183 1468 1494 53 972 882 883 1731 831 830 1767 1765 1619 1618 1049 1345 1340 1042 1486 1488 819 1321 1577 1895 1036 1463 1465 1541 1852 1503 1592 1591 1111 1112 1768 1769 1861 1862 556 555 

2015-11-14 00:29:16

G1: cjejuni
n    = 1095
m    = 2988
#connectedComponents = 6
Largest connectedComponents (nodes, edges) = (1085, 2983) (2, 1) (2, 1) 

G2: ecoli
n    = 1941
m    = 3989
#connectedComponents = 195
Largest connectedComponents (nodes, edges) = (1274, 3124) (45, 201) (25, 76) 

Method: SANA_s3
Temperature schedule:
k: 6.68137
l: 2.49057
Optimize: 
s3: 1
Execution time: 1m

execution time = 62.16

Scores:
ec: 0.375502
ics: 0.669851
s3: 0.31686
lccs: 0.229702

Common subgraph:
n    = 1095
m    = 1122
#connectedComponents = 328
Largest connectedComponents (nodes, edges) = (426, 684) (32, 70) (23, 46) 

Common connected subgraphs:
Graph  n     m     alig-edges  indu-edges  EC        ICS       S3        
G1     1095  2988  1122        1675        0.375502  0.669851  0.316860  
CCS_0  426   684   684         1057        1.000000  0.647114  0.647114  
CCS_1  32    70    70          128         1.000000  0.546875  0.546875  
CCS_2  23    46    46          61          1.000000  0.754098  0.754098  
CCS_3  17    16    16          25          1.000000  0.640000  0.640000  
CCS_4  17    22    22          31          1.000000  0.709677  0.709677  

