0 1 464 469 4 5 467 7 461 462 10 470 458 468 14 15 16 17 18 19 20 21 22 23 24 25 26 27 28 29 30 31 32 33 34 35 36 37 38 39 40 41 42 43 44 45 46 47 48 49 50 51 52 53 54 55 56 57 58 59 60 61 62 63 64 65 66 67 68 69 70 71 72 73 74 75 76 77 78 79 80 81 82 83 84 85 86 87 88 89 90 91 92 93 94 95 96 97 98 99 100 101 102 103 104 105 106 107 108 109 110 111 112 113 114 115 116 117 118 119 120 121 122 123 124 125 126 127 128 129 130 131 132 133 134 135 136 137 138 139 140 141 142 143 144 145 146 147 148 149 150 151 152 153 154 155 156 157 158 159 160 161 162 163 169 170 171 173 195 423 420 421 378 381 382 383 189 183 393 184 185 374 394 392 391 395 389 396 390 397 385 376 386 194 365 398 388 369 387 399 176 400 401 402 403 404 405 406 407 408 409 410 411 412 413 414 415 416 417 350 379 380 418 419 363 751 424 370 425 426 427 432 429 371 375 430 431 200 428 433 434 435 436 437 438 439 450 441 442 443 444 445 446 447 448 449 440 451 452 453 454 473 164 349 177 351 356 175 342 328 353 354 355 352 174 178 191 179 180 182 186 190 201 193 196 198 192 202 203 204 205 206 207 208 209 210 211 212 213 214 223 216 217 218 219 220 221 222 215 224 225 226 230 228 229 227 231 232 233 234 235 236 237 238 239 240 241 242 244 243 245 246 247 248 249 250 251 254 995 996 997 998 625 667 619 620 668 366 621 314 604 624 322 323 263 295 325 326 332 329 327 324 331 330 333 338 336 340 313 597 586 181 590 834 591 573 871 593 592 595 598 277 596 599 872 873 875 831 874 832 465 837 835 460 566 838 188 839 843 459 466 833 253 850 472 852 853 854 362 855 594 359 172 372 187 373 377 475 422 476 477 478 358 343 341 334 344 345 346 347 348 898 899 901 900 463 550 511 542 558 554 878 879 523 515 514 547 553 544 480 538 555 559 361 539 532 560 535 551 512 557 524 525 526 527 528 529 530 507 531 522 521 509 510 533 506 513 534 536 537 540 517 541 543 545 364 546 518 167 519 520 561 549 548 556 562 880 907 552 814 471 607 8 743 12 841 11 744 13 745 836 842 3 747 2 771 741 6 9 746 384 851 571 828 675 749 748 764 753 765 766 197 768 767 757 758 168 368 759 760 761 773 772 774 750 752 754 474 755 770 769 488 482 829 486 487 483 339 489 490 491 485 492 493 494 495 496 497 498 499 500 501 502 505 504 503 337 777 615 456 775 790 166 455 294 792 279 296 287 292 285 286 284 676 290 282 288 289 291 646 793 639 640 630 637 642 636 638 643 635 641 629 633 644 645 258 611 617 613 589 614 609 612 616 199 647 564 608 567 610 785 786 787 735 788 580 789 791 655 671 670 669 672 648 653 650 634 651 632 574 631 652 659 654 656 657 658 649 660 662 661 663 628 664 627 665 666 583 802 861 860 858 862 857 859 863 626 864 794 796 795 797 605 798 799 618 867 868 869 866 870 876 877 806 807 808 805 882 884 883 881 762 298 763 811 810 812 809 813 367 165 776 736 273 778 779 780 781 782 484 783 784 955 457 865 304 255 252 276 274 259 271 257 269 268 272 267 256 264 266 262 261 280 579 582 578 584 581 585 281 302 308 297 306 303 320 299 301 300 307 309 312 311 310 317 316 315 318 275 319 283 305 321 278 927 926 934 929 930 931 932 928 925 936 933 935 942 943 727 270 937 938 923 920 921 922 917 924 916 915 918 913 914 856 944 945 946 949 948 947 919 481 479 830 941 732 733 734 691 674 737 738 739 740 692 742 677 678 699 679 685 681 696 265 698 600 689 690 693 695 684 694 360 686 687 680 688 683 673 682 697 704 703 702 701 700 705 708 707 710 711 712 713 706 709 714 715 716 723 718 721 719 717 720 722 724 725 623 726 728 729 730 731 964 823 822 824 825 602 572 601 587 568 588 603 606 516 840 508 576 577 260 565 563 575 569 570 885 815 817 819 821 816 818 820 622 887 886 827 826 293 844 939 940 888 892 890 893 891 895 894 889 897 896 960 801 961 957 956 959 958 962 963 965 357 800 904 905 756 906 335 902 903 994 803 908 910 909 911 912 952 954 951 804 953 950 999 1000 1001 966 967 968 969 970 971 972 973 974 975 976 977 978 985 983 981 982 980 984 979 986 987 988 989 990 991 992 993 847 845 848 846 849 

2015-11-13 23:56:04

G1: yeasthc
n    = 1002
m    = 8313
#connectedComponents = 1
Largest connectedComponents (nodes, edges) = (1002, 8313) 

G2: yeast10
n    = 1002
m    = 8651
#connectedComponents = 1
Largest connectedComponents (nodes, edges) = (1002, 8651) 

Method: SANA_wec
Temperature schedule:
k: 12.4637
l: 9.10587
Optimize: 
wec: 1
Execution time: 1m

execution time = 64.192

Scores:
ec: 0.992181
ics: 0.953416
s3: 0.946306
lccs: 0.938571
graphletlgraal: 0.675595
wec: 0.848798
nc: 0.159681

Common subgraph:
n    = 1002
m    = 8248
#connectedComponents = 10
Largest connectedComponents (nodes, edges) = (965, 8084) (14, 81) (14, 81) 

Common connected subgraphs:
Graph  n     m     alig-edges  indu-edges  EC        ICS       S3        
G1     1002  8313  8248        8651        0.992181  0.953416  0.946306  
CCS_0  965   8084  8084        8401        1.000000  0.962266  0.962266  
CCS_1  14    81    81          83          1.000000  0.975904  0.975904  
CCS_2  14    81    81          82          1.000000  0.987805  0.987805  
CCS_3  3     2     2           2           1.000000  1.000000  1.000000  
CCS_4  1     0     0           0           -nan      -nan      -nan      

