0 11 12 3 4 5 6 7 8 2 1 14 13 10 15 16 17 18 19 20 21 22 23 24 25 26 27 28 29 30 31 32 33 34 35 36 37 38 39 40 41 42 43 44 45 46 47 48 49 50 51 52 53 54 55 56 57 58 59 60 61 62 63 64 65 66 67 68 69 70 71 72 73 74 75 76 77 78 79 80 81 82 83 84 85 86 87 88 89 90 91 92 93 94 95 96 97 98 99 100 101 102 103 104 105 106 107 108 109 110 111 112 113 114 115 116 117 118 119 120 121 122 123 124 125 126 127 128 129 130 131 132 133 134 135 136 137 138 139 140 141 142 143 144 145 146 147 148 149 150 151 152 153 154 155 156 157 158 159 160 161 162 163 164 174 177 182 186 218 301 406 407 401 255 256 257 206 200 275 201 202 265 276 273 271 277 267 278 268 279 259 270 260 216 217 280 266 263 262 281 189 572 570 571 585 382 575 574 576 579 580 581 573 582 583 577 578 445 584 374 402 403 404 405 269 801 408 394 409 410 411 412 413 396 398 414 415 223 416 417 418 419 420 425 422 423 424 430 426 427 428 429 421 431 432 433 434 435 436 437 438 587 165 373 190 377 376 188 367 354 375 378 379 380 187 191 208 194 195 199 203 207 225 215 219 221 210 226 228 230 229 869 656 867 336 859 443 330 350 689 341 868 506 332 861 495 864 326 347 349 324 331 325 348 340 322 344 323 335 346 870 329 862 863 860 858 865 876 875 877 878 871 879 872 874 873 356 881 882 883 880 866 345 312 339 844 333 261 342 452 507 441 337 338 472 321 351 767 768 776 773 197 775 771 770 774 769 772 565 238 282 196 460 233 457 299 891 459 193 198 458 285 461 454 893 892 894 227 895 231 240 247 241 242 243 244 245 246 232 248 249 250 253 676 677 674 384 675 387 464 655 172 183 397 204 284 400 586 175 588 589 590 176 318 366 359 368 369 370 371 372 385 820 688 821 274 719 287 702 720 399 317 827 311 179 291 716 722 701 657 718 723 725 272 695 698 213 696 724 286 823 706 694 707 693 708 595 711 296 712 308 700 290 298 717 309 303 713 714 699 715 302 709 392 710 252 703 288 171 294 705 721 697 704 826 824 825 828 829 822 604 691 601 830 594 180 258 831 597 212 596 600 602 439 603 292 264 599 598 283 205 605 235 812 9 606 254 803 800 805 806 181 808 807 608 609 173 222 921 922 923 889 888 890 804 802 797 569 811 809 810 625 627 813 610 623 184 209 626 622 612 628 615 611 613 614 616 617 618 619 620 621 624 902 358 903 316 644 551 592 635 646 169 591 523 647 529 524 527 530 521 531 463 639 526 383 528 214 514 547 648 532 536 535 533 537 538 497 539 540 541 510 491 543 544 462 552 498 440 546 549 550 545 548 224 553 534 555 554 492 851 852 847 645 850 846 848 849 517 652 651 334 653 509 516 513 511 503 502 504 512 289 499 508 501 456 505 518 343 520 515 564 297 558 444 559 563 500 310 787 783 788 784 786 465 556 442 843 447 451 453 455 364 782 781 168 853 856 855 854 857 395 920 885 886 887 391 686 937 936 938 567 566 568 817 819 818 816 815 389 166 633 365 185 643 641 642 634 637 632 638 636 970 593 845 659 487 485 328 327 486 484 474 482 483 479 476 481 477 478 488 475 493 489 490 496 542 494 789 658 519 664 660 661 390 473 665 607 654 525 450 667 663 668 662 666 670 669 361 671 480 388 672 220 906 907 908 909 910 911 912 913 914 915 916 917 918 919 393 562 940 941 942 943 944 945 682 946 681 680 683 678 679 790 239 313 779 777 778 234 684 170 631 814 947 837 838 840 737 446 834 798 839 832 746 841 727 728 729 730 237 732 747 733 734 449 735 736 731 738 739 740 353 741 742 743 744 745 468 726 748 750 752 749 751 386 300 357 362 305 293 307 352 355 360 304 753 754 759 306 762 757 755 763 760 756 758 761 764 765 766 972 842 973 835 836 690 833 630 640 167 934 933 629 295 935 314 932 315 930 931 469 467 471 692 319 470 939 795 793 791 799 792 794 796 649 687 685 971 448 522 929 948 949 178 898 561 896 899 900 897 901 557 560 956 957 962 785 958 959 961 905 904 673 381 884 954 955 251 953 363 960 963 192 466 211 950 951 952 650 964 965 966 236 967 780 968 969 320 974 975 976 977 978 979 993 981 982 983 984 985 986 980 988 989 990 991 992 987 994 995 996 997 998 999 1000 1001 925 928 927 926 924 

2015-11-13 23:59:29

G1: yeasthc
n    = 1002
m    = 8313
#connectedComponents = 1
Largest connectedComponents (nodes, edges) = (1002, 8313) 

G2: yeast15
n    = 1002
m    = 9316
#connectedComponents = 1
Largest connectedComponents (nodes, edges) = (1002, 9316) 

Method: SANA_wec
Temperature schedule:
k: 11.1109
l: 10.1037
Optimize: 
wec: 1
Execution time: 1m

execution time = 60.552

Scores:
ec: 0.98376
ics: 0.877845
s3: 0.865305
lccs: 0.916057
graphletlgraal: 0.578773
wec: 0.765251
nc: 0.00698603

Common subgraph:
n    = 1002
m    = 8178
#connectedComponents = 9
Largest connectedComponents (nodes, edges) = (928, 7763) (26, 162) (24, 165) 

Common connected subgraphs:
Graph  n     m     alig-edges  indu-edges  EC        ICS       S3        
G1     1002  8313  8178        9316        0.983760  0.877845  0.865305  
CCS_0  928   7763  7763        8524        1.000000  0.910723  0.910723  
CCS_1  26    162   162         204         1.000000  0.794118  0.794118  
CCS_2  24    165   165         168         1.000000  0.982143  0.982143  
CCS_3  10    44    44          45          1.000000  0.977778  0.977778  
CCS_4  10    44    44          44          1.000000  1.000000  1.000000  

