0 1 13 3 4 6 7 8 9 15 12 2 14 11 16 17 18 19 20 21 22 23 24 25 26 27 28 29 30 31 32 33 34 35 36 37 38 39 40 41 42 43 44 45 46 47 48 49 50 51 52 53 54 55 56 57 58 59 60 61 62 63 64 65 66 67 68 69 70 71 72 73 74 75 76 77 78 79 80 81 82 83 84 85 86 87 88 89 90 91 92 93 94 95 96 97 98 99 100 101 102 103 104 105 106 107 108 109 110 111 112 113 114 115 116 117 118 119 120 121 122 123 125 126 127 128 129 130 131 132 133 134 135 136 137 138 139 140 141 142 143 144 145 146 147 148 149 150 151 153 154 156 157 158 159 160 161 162 163 164 165 166 167 168 179 182 188 195 228 422 503 396 496 452 453 454 216 209 466 210 211 330 467 465 463 457 460 468 462 469 266 334 455 226 227 194 459 328 456 470 198 471 472 473 474 440 475 476 477 478 479 480 481 482 483 484 485 424 486 488 497 498 502 501 322 644 504 329 505 506 507 512 509 331 333 510 511 231 508 513 514 515 516 521 518 519 520 517 522 523 524 525 526 527 528 529 530 531 532 533 534 635 169 632 199 314 631 197 289 312 388 633 564 321 196 200 218 203 204 208 212 217 220 225 229 5 233 234 236 238 237 894 785 893 340 695 259 364 405 696 403 884 581 418 698 588 701 360 401 414 365 358 359 412 399 355 406 361 417 400 895 363 699 700 697 693 702 885 889 886 887 888 882 890 892 891 408 342 935 971 883 1001 416 336 415 411 386 323 413 444 586 420 398 391 375 350 410 278 288 397 347 206 286 348 390 392 389 283 443 250 263 555 205 243 559 155 726 553 202 207 409 268 489 790 846 845 248 235 242 240 152 241 536 537 545 257 540 541 542 430 544 538 280 547 548 550 317 549 320 551 552 177 189 332 213 265 546 461 180 636 637 638 181 306 643 694 729 300 730 309 732 319 543 464 733 264 717 292 302 308 335 847 344 290 185 294 713 305 301 714 716 719 721 310 307 291 223 708 720 272 676 269 707 270 299 271 260 282 279 297 432 285 293 341 715 337 346 281 296 304 287 352 273 274 277 267 710 433 176 431 712 718 709 711 722 723 848 916 917 298 303 705 441 943 448 451 345 944 186 222 450 435 434 645 442 436 458 439 447 261 215 842 246 861 10 802 252 487 494 495 493 187 490 492 800 801 178 214 803 804 805 641 640 642 812 799 796 813 814 500 724 669 671 945 653 667 192 219 670 666 656 672 659 655 658 657 660 661 662 663 664 665 668 816 428 815 316 650 625 647 818 819 173 646 600 649 596 601 449 603 599 605 315 651 602 557 445 224 604 621 652 614 613 609 611 610 612 591 607 606 615 617 582 618 619 623 620 622 570 437 556 624 626 593 232 627 628 608 629 258 902 903 904 821 905 284 906 907 568 830 829 630 831 575 580 579 577 567 572 587 571 569 563 583 566 590 574 578 357 362 576 585 592 589 423 828 784 833 353 851 356 849 852 850 558 908 421 808 786 788 789 791 562 727 725 172 897 731 896 728 639 190 898 910 911 912 326 941 938 939 937 810 491 811 914 535 844 913 915 324 170 820 395 193 822 823 824 825 827 679 807 826 946 648 936 774 367 366 369 370 354 387 372 380 379 374 378 371 381 376 383 368 584 382 373 654 377 595 385 275 384 634 276 771 325 772 779 769 770 780 597 777 773 778 775 776 598 782 254 781 573 244 783 230 678 681 682 683 124 680 684 685 686 687 688 689 690 691 327 692 922 923 924 925 926 927 928 929 930 931 859 932 933 860 245 251 256 239 255 253 942 175 183 854 999 855 853 858 752 425 843 797 857 961 754 856 738 734 741 753 739 748 757 402 749 394 750 751 249 756 742 755 318 744 745 747 743 740 746 554 758 735 737 736 311 673 419 765 762 760 766 764 767 763 761 768 759 862 863 866 869 865 868 864 616 313 870 867 871 872 873 874 806 934 191 963 962 704 677 703 171 878 877 674 675 876 338 879 339 881 880 262 560 561 393 351 706 940 426 793 407 798 792 794 795 343 960 539 964 349 438 427 967 968 184 837 835 839 841 838 836 840 834 787 952 446 953 950 949 948 947 1000 817 404 565 954 969 970 295 499 809 951 966 201 174 221 900 899 901 832 955 957 956 247 958 875 959 965 594 992 972 994 973 974 991 982 977 978 979 996 980 981 986 983 984 985 909 989 976 990 987 975 988 995 993 997 998 919 429 921 920 918 

2015-11-14 00:03:07

G1: yeasthc
n    = 1002
m    = 8313
#connectedComponents = 1
Largest connectedComponents (nodes, edges) = (1002, 8313) 

G2: yeast20
n    = 1002
m    = 9722
#connectedComponents = 1
Largest connectedComponents (nodes, edges) = (1002, 9722) 

Method: SANA_wec
Temperature schedule:
k: 10.6281
l: 8.37404
Optimize: 
wec: 1
Execution time: 1m

execution time = 64.22

Scores:
ec: 0.998797
ics: 0.854042
s3: 0.853165
lccs: 1
graphletlgraal: 0.534647
wec: 0.734993
nc: 0.00998004

Common subgraph:
n    = 1002
m    = 8303
#connectedComponents = 1
Largest connectedComponents (nodes, edges) = (1002, 8303) 

Common connected subgraphs:
Graph  n     m     alig-edges  indu-edges  EC        ICS       S3        
G1     1002  8313  8303        9722        0.998797  0.854042  0.853165  
CCS_0  1002  8303  8303        9722        1.000000  0.854042  0.854042  

