699 1 694 695 4 689 702 7 696 705 10 703 697 708 14 15 16 17 18 19 20 21 22 23 24 25 26 27 28 29 30 31 32 33 34 35 36 37 38 39 40 41 42 43 44 45 46 47 48 49 50 51 52 53 54 55 56 57 58 59 60 61 62 63 64 65 66 67 829 69 70 71 72 73 74 75 76 77 78 79 80 81 82 83 84 85 86 87 88 89 90 91 92 93 94 95 96 97 98 99 100 101 102 103 104 105 106 107 108 109 110 111 112 113 114 115 116 117 118 119 120 121 122 123 124 125 126 127 128 129 130 131 132 133 134 135 136 137 138 139 140 141 142 143 144 145 146 147 148 149 150 151 152 153 154 155 156 157 158 159 160 161 162 163 164 165 166 167 168 169 170 171 172 173 174 175 176 177 178 179 180 181 182 183 184 185 186 187 188 189 190 191 192 193 194 195 196 197 198 199 200 201 202 203 204 205 206 207 208 209 210 211 212 213 214 215 216 217 218 219 220 221 222 223 224 225 461 227 464 460 455 458 469 233 234 235 459 237 457 456 470 820 448 465 473 472 466 451 453 449 463 468 454 467 452 462 450 479 506 504 507 261 262 263 264 265 273 267 268 269 270 271 272 266 275 288 276 277 278 280 281 282 287 284 285 286 283 966 855 967 260 865 968 864 499 856 503 493 482 858 486 852 303 498 854 306 861 495 480 491 500 471 496 773 484 497 489 501 494 485 554 492 862 860 853 859 875 725 258 259 719 857 863 847 848 850 348 340 339 338 872 873 321 502 775 771 490 436 774 350 351 935 481 483 355 487 357 358 359 364 363 488 365 360 361 367 368 366 370 371 738 740 739 802 736 744 803 279 741 742 737 369 743 733 804 805 808 807 806 809 707 443 812 701 505 815 710 839 342 709 711 727 821 692 698 724 693 722 721 720 723 508 513 511 514 512 515 526 525 527 528 529 546 518 516 517 519 520 521 522 523 778 780 779 781 415 421 373 411 429 425 767 768 386 379 377 418 424 413 399 407 426 430 400 408 401 431 404 422 372 428 391 392 393 394 395 396 397 380 398 384 390 376 381 402 385 383 403 405 406 409 382 410 412 414 416 417 374 387 378 389 432 420 419 427 433 769 772 423 770 295 289 309 293 310 315 301 294 314 337 353 317 320 307 299 298 578 354 362 292 356 349 557 558 560 555 553 547 540 548 549 550 552 551 531 532 533 534 535 536 537 761 760 762 538 539 541 524 542 544 530 609 610 611 612 613 614 615 616 617 618 619 620 621 622 623 624 625 626 627 628 629 599 631 593 630 632 633 643 634 635 636 637 638 639 602 647 651 597 644 668 646 652 591 648 641 650 642 649 653 654 672 676 673 670 671 677 674 669 675 678 665 666 679 645 658 655 660 661 659 656 663 657 662 664 667 352 345 343 297 346 874 684 590 685 686 687 688 947 965 936 950 946 566 569 561 565 573 562 700 572 571 559 704 556 706 570 564 563 568 567 712 713 714 715 716 717 718 682 951 949 948 952 640 825 575 728 729 730 731 732 734 735 800 801 888 942 941 940 939 943 831 830 763 764 765 766 793 795 796 794 797 798 799 836 835 838 837 834 509 327 751 595 584 759 757 758 752 753 754 755 756 938 330 776 240 891 890 892 893 894 895 896 897 898 899 900 901 902 903 904 375 905 907 908 909 910 911 912 238 230 226 231 251 255 247 253 246 239 229 254 243 245 232 228 250 256 236 249 242 244 252 248 257 999 1000 302 998 1001 997 68 335 334 341 446 444 849 851 445 811 690 691 336 435 680 438 843 681 844 842 845 840 841 816 878 877 879 882 881 880 846 869 870 871 333 588 589 594 923 596 583 587 592 580 928 598 726 915 889 917 933 926 8 920 510 934 916 931 932 921 919 913 918 925 914 922 930 927 924 929 6 441 442 439 434 388 322 312 313 318 319 304 308 311 316 347 5 818 13 2 3 810 11 9 545 813 819 12 0 814 440 437 906 823 585 586 581 582 296 478 323 325 683 305 324 326 300 329 331 332 817 474 241 476 344 475 477 608 745 746 579 603 749 747 750 748 832 833 955 956 945 868 866 867 783 788 785 786 790 789 787 784 792 791 605 600 876 606 601 604 607 953 954 957 937 962 958 959 543 960 961 782 944 964 963 883 884 885 886 887 447 574 576 577 328 777 274 290 291 969 970 971 972 973 991 975 976 977 978 979 980 981 988 986 984 985 983 987 982 989 990 974 992 993 994 995 996 822 824 827 826 828 

2015-11-13 23:41:25

G1: yeasthc
n    = 1002
m    = 8313
#connectedComponents = 1
Largest connectedComponents (nodes, edges) = (1002, 8313) 

G2: yeast05
n    = 1002
m    = 8347
#connectedComponents = 1
Largest connectedComponents (nodes, edges) = (1002, 8347) 

Method: SANA_ec
Temperature schedule:
k: 13.777
l: 1.78203
Optimize: 
ec: 1
Execution time: 1m

execution time = 62.248

Scores:
ec: 0.94659
ics: 0.942734
s3: 0.89512
lccs: 0.688946
nc: 0.255489

Common subgraph:
n    = 1002
m    = 7869
#connectedComponents = 58
Largest connectedComponents (nodes, edges) = (651, 6248) (31, 104) (29, 278) 

Common connected subgraphs:
Graph  n     m     alig-edges  indu-edges  EC        ICS       S3        
G1     1002  8313  7869        8347        0.946590  0.942734  0.895120  
CCS_0  651   6248  6248        6292        1.000000  0.993007  0.993007  
CCS_1  31    104   104         115         1.000000  0.904348  0.904348  
CCS_2  29    278   278         279         1.000000  0.996416  0.996416  
CCS_3  26    287   287         293         1.000000  0.979522  0.979522  
CCS_4  26    262   262         291         1.000000  0.900344  0.900344  

